public/data/wind.f008.json
{"header": {"discipline":0,"disciplineName":"Meteorological products","gribEdition":2,"gribLength":2407,"center":7,"centerName":"US National Weather Service - NCEP(WMC)","subcenter":0,"refTime":"2020-02-29T00:00:00.000Z","significanceOfRT":1,"significanceOfRTName":"Start of forecast","productStatus":0,"productStatusName":"Operational products","productType":1,"productTypeName":"Forecast products","productDefinitionTemplate":0,"productDefinitionTemplateName":"Analysis/forecast at horizontal level/layer at a point in time","parameterCategory":2,"parameterCategoryName":"Momentum","parameterNumber":2,"parameterNumberName":"U-component_of_wind","parameterUnit":"m.s-1","genProcessType":2,"genProcessTypeName":"Forecast","forecastTime":8,"surface1Type":103,"surface1TypeName":"Specified height level above ground","surface1Value":10.0,"surface2Type":255,"surface2TypeName":"Missing","surface2Value":0.0,"gridDefinitionTemplate":0,"gridDefinitionTemplateName":"Latitude_Longitude","numberPoints":1620,"shape":6,"shapeName":"Earth spherical with radius of 6,371,229.0 m","gridUnits":"degrees","resolution":48,"winds":"true","scanMode":64,"nx":45,"ny":36,"basicAngle":0,"lo1":102.0,"la1":25.75,"lo2":113.0,"la2":34.5,"dx":0.25,"dy":0.25}, "data":
[rows 0 to 31 of 36, columns 0 to 44 of 45]
2.2927563,3.6427565,3.6327562,3.8827562,5.752756,5.7627563,5.502756,6.0727563,6.8027563,7.6027565,7.6627564,7.462756,7.0927563,3.5227563,0.88275635,-2.5572436,0.31275636,-0.33724365,-1.0572437,0.57275635,1.4327563,0.7927563,1.5927564,1.0527563,-0.18724366,0.56275636,0.90275633,1.0827564,-1.2372437,-0.45724365,-0.5772436,-0.80724365,-0.73724365,0.45275635,1.5827564,1.2227564,-0.43724364,1.5527563,1.7927563,1.8527564,3.9727564,0.47275636,-0.81724364,-1.4072436,0.052756347
1.3327564,2.6927564,3.3627563,2.9727564,4.3427563,3.0027564,3.5127563,5.132756,5.3727565,5.5527563,5.8527565,5.5827565,1.7627563,-1.7672436,-3.5872436,-0.97724366,1.6327564,1.5927564,1.9727564,1.8127563,2.6627564,2.0727563,2.1227562,0.52275634,0.11275635,0.94275635,0.48275635,1.0727563,0.10275635,-0.55724365,-1.0372436,-0.42724365,-0.0072436524,0.96275634,1.3227563,0.87275636,-1.5472436,-0.98724365,0.59275633,1.4527564,1.4827564,0.96275634,-1.2172437,-0.74724364,0.99275637
-0.087243654,1.4127563,2.2927563,1.8827564,2.2227564,2.1127563,2.8527563,2.7127564,3.5827563,4.1827564,4.2027564,-1.0472436,-2.6172438,-1.3272437,-1.9172436,-0.59724367,1.7427564,2.7727563,2.5827563,1.7627563,2.6027563,2.8027563,2.1727564,0.84275633,0.52275634,1.2427564,0.88275635,1.4927564,0.012756348,-0.45724365,-0.80724365,0.6027563,0.9227564,0.31275636,1.0627563,-0.017243652,-0.66724366,-0.91724366,-0.7772437,-1.5972437,-1.7672436,-0.42724365,-0.09724365,0.42275634,1.8727564
1.3627564,1.8527564,1.9727564,3.3027563,2.5027564,3.9527564,4.632756,4.7027564,4.902756,5.172756,4.6827564,1.3827564,-2.3672438,-0.75724363,0.16275635,-0.12724365,0.37275636,1.3327564,1.9627564,2.5327563,2.7727563,3.6027563,1.6027564,-0.44724366,1.3227563,1.0027564,0.032756347,-0.49724364,-1.0272436,-0.60724366,-0.59724367,0.35275635,0.30275634,-1.1572436,-0.74724364,-0.5772436,-0.087243654,-1.1772437,-2.0972435,-1.6372436,-2.1972437,-1.2572436,0.26275635,-0.14724365,1.4027563
1.0627563,2.2027564,2.8527563,3.6227562,2.5727563,4.0827565,4.5827565,5.0127563,3.8227563,3.3227563,3.7527564,-1.2172437,-0.8972437,-0.68724364,-1.4872437,-0.7672436,-0.42724365,-0.36724365,1.1027564,2.0627563,1.7427564,3.0927563,1.7527564,-1.2772436,-1.0572437,-0.79724365,-0.19724365,-0.59724367,-0.7672436,-0.79724365,-0.50724363,0.04275635,1.0627563,-0.5872437,-1.5172436,-1.6472436,-1.0072436,-1.6372436,-1.6472436,-1.1572436,-0.7772437,-1.0572437,0.28275636,-0.73724365,-0.23724365
0.52275634,1.1327564,1.9427563,-1.0372436,1.2627563,3.1627564,1.7727563,2.1127563,3.3427563,4.462756,2.5527563,-0.28724366,-1.6372436,-0.40724364,-0.67724365,-0.42724365,-1.0172436,-0.8972437,0.07275635,0.36275634,-1.4972436,-0.21724366,-0.78724366,-1.0472436,-0.65724367,-1.5072436,-0.8272436,-0.54724365,-0.26724365,-0.7072437,-0.8272436,0.22275634,0.82275635,-0.46724364,-1.7572436,-3.3172436,-2.0172436,-3.0872436,-1.9672437,-0.81724364,-0.13724366,-0.24724366,0.57275635,-1.3472437,-0.36724365
-0.16724366,-0.24724366,1.3227563,-0.037243653,1.5627563,2.3427563,2.4227564,1.4827564,1.7627563,0.9827564,1.2527564,-1.1872437,-0.32724366,-1.0072436,-0.14724365,0.33275634,-0.37724364,-0.7172437,-0.80724365,-0.98724365,-0.98724365,-1.2072437,-0.8272436,0.032756347,-0.077243656,-0.9572437,-1.2172437,-1.5172436,-0.16724366,-0.67724365,-0.79724365,-0.12724365,0.08275635,0.26275635,-1.0372436,-1.8972436,-1.5172436,-2.9072437,-2.3172436,-1.6972437,-0.36724365,-0.7772437,-1.7072437,-0.17724365,0.32275635
-1.8572437,-0.27724364,1.0427563,1.6827563,-1.0872437,1.3127563,2.7427564,-1.4472437,-1.2972436,-0.26724365,-1.6272436,-0.017243652,-0.60724366,-0.42724365,-0.74724364,-0.53724366,-0.27724364,0.62275636,0.76275635,-1.6772437,-2.1472437,-0.94724363,-1.2572436,-0.94724363,-0.55724365,-0.04724365,-1.1072437,-1.6372436,-0.5272437,-1.2172437,-0.5772436,-0.057243653,0.29275635,-0.40724364,-0.75724363,-0.31724367,-1.6572436,-0.62724364,-0.67724365,-0.46724364,-0.5172436,-1.8572437,-1.1072437,-0.16724366,0.36275634
-1.9872437,0.41275635,1.5127563,2.0427563,-1.0072436,-0.0072436524,-0.25724366,-2.8272436,-2.1772437,-2.4672437,-1.2472436,0.0027563476,0.17275634,-0.087243654,0.15275635,0.47275636,0.23275635,0.30275634,1.1327564,0.55275637,-1.8172437,-1.7672436,-1.6972437,-1.3772436,-1.4172436,-0.19724365,0.32275635,-1.5372436,-0.5272437,-1.8472437,-1.3972436,-0.99724364,-0.41724366,-0.017243652,-0.87724364,0.76275635,-0.80724365,0.25275636,-0.56724364,-0.94724363,-0.7072437,-1.0272436,-1.2272437,-0.17724365,0.07275635
-2.0972435,-0.50724363,2.3827562,2.4027565,2.0627563,-2.7072437,-0.87724364,-2.9672437,-2.9972436,-1.5672437,-0.62724364,-0.50724363,-0.20724365,-0.54724365,1.2727563,0.5427563,-0.087243654,1.2927563,1.5727563,1.1527563,-0.8372437,-0.87724364,-1.2072437,-1.7472436,-1.5272436,-1.0572437,0.26275635,-0.91724366,-1.0772437,-1.0672437,-1.5472436,-0.99724364,-0.85724366,-0.55724365,-0.72724366,-0.6472437,0.20275635,-0.99724364,-1.2372437,0.27275634,0.19275635,-0.10724365,-0.74724364,-0.057243653,0.83275634
-2.3872437,0.39275634,1.8927563,1.9127563,-1.2672436,-2.0072436,-2.5372436,-2.7072437,-2.3072436,-1.5872437,-1.6572436,-1.1672436,-1.2172437,-0.40724364,0.6127564,0.34275636,0.22275634,0.49275634,0.062756345,-0.61724365,0.38275635,-0.36724365,-0.32724366,-1.1372436,-1.6672436,-1.4772437,-1.0772437,-0.60724366,-0.027243651,-0.5872437,-1.3172437,-0.81724364,-1.3272437,-1.1272436,-0.47724366,-0.6472437,-0.62724364,-1.0572437,-0.49724364,0.40275633,0.52275634,0.16275635,0.10275635,1.3027563,1.7127564
-1.9072436,0.20275635,0.19275635,1.2027564,1.4427563,-1.5372436,-2.1772437,-2.0072436,-1.7172437,-1.7272437,-1.8172437,-2.0872436,-1.4472437,-1.2872436,-1.0372436,-0.057243653,0.20275635,-0.027243651,-0.59724367,-0.68724364,0.7327564,-0.077243656,0.34275636,-0.69724363,-1.4272437,-1.2072437,-1.1872437,-0.34724367,-0.43724364,-1.3572437,-1.2372437,-0.67724365,-0.8872436,-1.3072437,-1.2872436,-0.79724365,-0.9672437,-0.29724365,-0.15724365,0.27275634,0.19275635,1.0627563,2.2727563,1.4227563,-0.017243652
-1.7372437,0.12275635,-1.1672436,0.9127563,-0.16724366,-2.7772436,-1.8772436,-1.8472437,-1.8272437,-1.9872437,-2.5072436,-2.7472436,-2.5672436,-2.9372437,-2.5172436,-1.2072437,-0.18724366,-0.5772436,-0.67724365,-0.67724365,0.33275634,0.93275636,-0.0072436524,-0.5872437,-0.8872436,-0.36724365,-0.027243651,-0.077243656,-0.72724366,-0.80724365,-1.0172436,-0.43724364,-0.86724365,-1.2472436,-0.7772437,-0.7172437,-0.87724364,-0.28724366,0.30275634,0.5427563,0.89275634,2.1927564,2.0127563,-0.43724364,-0.38724366
-3.0572436,-1.9872437,-1.9872437,-0.28724366,-1.4872437,-2.0172436,-1.5472436,-1.4172436,-1.3672436,-2.9672437,-3.6972437,-3.2772436,-3.7472436,-3.7472436,-3.6372437,-3.2472436,-1.7272437,-0.79724365,-0.38724366,0.29275635,0.24275635,0.70275635,0.19275635,-0.15724365,-0.16724366,-0.24724366,0.64275634,-0.28724366,-1.0572437,-0.27724364,-0.7772437,-0.87724364,-1.2672436,-1.0772437,-0.42724365,-0.15724365,-0.037243653,0.012756348,0.57275635,0.77275634,1.2227564,1.8327564,0.34275636,-1.0072436,0.18275635
-2.8072436,-2.0672436,-2.0572436,-2.5272436,-2.8372436,-2.9072437,-1.9372437,-1.3372437,-2.4872437,-3.9972436,-4.1372437,-3.8172436,-3.7772436,-3.2072437,-2.7772436,-3.2872436,-2.9572437,-1.1472436,-0.18724366,0.12275635,0.35275635,0.94275635,1.0027564,-0.17724365,-0.34724367,0.56275636,0.74275637,0.57275635,-0.6372436,0.55275637,-0.55724365,-0.87724364,-0.8872436,-0.87724364,-0.92724365,-0.66724366,-0.33724365,-0.22724365,0.092756346,0.38275635,1.0227563,1.0427563,-0.26724365,-0.037243653,0.46275634
-3.0472436,-2.1072435,-1.7872436,-0.50724363,-2.1172438,-2.0672436,-1.5772437,-0.67724365,-2.3372436,-2.7972436,-3.7972436,-3.6872437,-4.0072436,-3.5672436,-2.5172436,-1.5572437,-1.4872437,-0.59724367,0.37275636,1.1927563,0.55275637,-0.0072436524,1.2927563,0.93275636,-0.057243653,-0.09724365,0.032756347,1.1627563,-0.7072437,-0.65724367,0.59275633,-0.94724363,-0.67724365,-0.84724367,-1.0372436,-1.1972437,-1.3472437,-1.7172437,-1.7272437,-1.2472436,-1.1772437,-1.0872437,-1.5072436,-1.5972437,-1.2572436
-1.6372436,-2.9072437,-3.2372437,-2.1172438,-1.8172437,-2.2172437,-1.4772437,-0.98724365,-2.3772438,-2.9572437,-3.0672436,-3.4772437,-3.5372436,-3.2472436,-2.5872436,-1.8072437,-0.81724364,0.21275635,1.6927563,0.47275636,-0.37724364,-0.027243651,0.87275636,1.1627563,1.4227563,0.45275635,-0.55724365,0.55275637,-0.46724364,-0.15724365,0.58275634,-0.27724364,-0.74724364,-0.5272437,-1.4172436,-1.4572437,-0.91724366,-1.9072436,-2.0472436,-1.5272436,-1.4172436,-1.4272437,-1.8672436,-1.6172436,-1.7472436
-0.017243652,-3.0872436,-2.9072437,-2.4872437,-2.5672436,-2.3072436,-2.2472436,-2.4372437,-2.6672437,-3.4172437,-3.0672436,-3.0272436,-4.1472435,-2.6172438,-1.5772437,-1.7572436,-1.7872436,-0.33724365,0.59275633,-1.1972437,-0.75724363,-0.5272437,0.32275635,0.9727563,1.5127563,2.1527565,0.59275633,-0.48724365,-0.28724366,-0.61724365,0.0027563476,1.0827564,-0.62724364,-0.30724365,-1.5572437,-1.2072437,-1.2572436,-1.4472437,-2.0372436,-1.8772436,-1.3672436,-1.5372436,-1.5272436,-1.3072437,-1.0672437
0.41275635,-0.62724364,-1.5672437,-2.2372437,-2.4672437,-2.7472436,-2.2572436,-1.8372437,-2.5172436,-2.9672437,-1.9272437,-2.1872437,-3.3372436,-2.5372436,-2.5072436,-2.6472437,-2.1672437,-1.4172436,-0.36724365,0.12275635,-0.92724365,-0.19724365,0.22275634,-0.23724365,0.092756346,1.7327564,1.0727563,0.65275633,-0.027243651,-1.8072437,-0.38724366,0.95275635,-0.61724365,-0.75724363,-1.4572437,-1.5972437,-1.3472437,-1.3772436,-2.0172436,-1.5372436,-1.1572436,-1.4472437,-1.2172437,-1.0072436,-0.80724365
1.1627563,1.5127563,-2.0772436,-1.7072437,-1.9872437,-2.1672437,-2.1472437,-0.86724365,-2.3472435,-2.3572435,-0.85724366,-1.8272437,-2.1072435,-1.8372437,-2.3472435,-2.4872437,-1.5172436,-1.2172437,-1.4072436,-0.36724365,-0.117243655,-0.21724366,0.40275633,0.6027563,0.04275635,0.71275634,1.2227564,0.62275636,0.8627564,-0.94724363,-1.1372436,-0.32724366,-0.8972437,-1.7072437,-2.0272436,-1.0972437,-0.87724364,-1.1272436,-1.4972436,-1.1072437,-0.78724366,-0.74724364,-0.5872437,-0.19724365,-0.55724365
-0.75724363,1.4327563,0.7827563,0.47275636,-0.09724365,-2.0972435,-1.3772436,-1.0972437,-1.3272437,-2.3372436,-1.2072437,-0.8972437,-1.3372437,-1.5272436,-1.5272436,-2.0372436,-1.2772436,-0.79724365,-1.2772436,-1.1472436,0.022756347,-0.32724366,0.7927563,1.1127564,0.34275636,-0.55724365,-0.31724367,0.15275635,0.65275633,0.15275635,-0.5272437,-0.49724364,-1.1072437,-0.91724366,-0.38724366,-1.6372436,-1.3572437,-1.0672437,-0.6372436,-0.37724364,-0.28724366,0.19275635,0.28275636,0.36275634,0.50275636
0.7327564,1.7827563,1.0827564,1.6527563,-0.41724366,-2.1472437,-1.3072437,-1.8572437,-1.4972436,-0.84724367,-0.66724366,-0.59724367,-0.44724366,-1.9172436,-1.2672436,-1.9672437,-1.0972437,-0.48724365,-0.48724365,-0.6472437,-0.49724364,0.68275636,1.3127563,1.5027564,0.49275634,0.13275635,-0.30724365,1.2527564,0.6127564,-1.1872437,-0.30724365,-0.81724364,-0.13724366,-0.67724365,-0.44724366,-1.5372436,-1.2472436,-0.75724363,-0.54724365,-0.87724364,-0.027243651,0.25275636,-0.28724366,0.88275635,1.7727563
2.6327562,1.7427564,1.4827564,1.7627563,2.2127564,-2.0072436,-1.4872437,-0.22724365,-0.97724366,0.17275634,-0.99724364,-1.0572437,-1.3372437,-1.9272437,-1.4372437,-1.0172436,0.092756346,0.7827563,1.0327563,0.9727563,0.81275636,1.7027564,0.87275636,1.1327564,1.0427563,-0.23724365,0.48275635,1.2627563,0.21275635,-0.94724363,-0.6372436,-0.56724364,0.56275636,-0.68724364,-0.06724365,0.5427563,-1.1772437,-1.4572437,-1.8972436,-0.74724364,-0.81724364,-1.6372436,-0.31724367,1.3227563,1.3327564
1.9927564,1.3827564,1.8627564,1.9527564,0.94275635,-2.1672437,-0.31724367,-0.5172436,-1.8872436,-0.93724364,-0.67724365,-0.19724365,-0.84724367,-1.4972436,-0.78724366,0.15275635,1.4327563,2.0427563,1.7527564,1.8327564,1.6527563,2.0727563,1.8627564,0.9227564,0.64275634,0.11275635,0.95275635,0.37275636,-0.017243652,-1.1972437,-0.23724365,0.46275634,-0.66724366,-0.0072436524,0.062756345,0.55275637,-1.3472437,-1.4472437,-1.2572436,-1.7372437,-2.4272437,-1.7772436,-0.38724366,1.4927564,-0.41724366
1.3727564,0.8627564,1.8227563,2.2927563,0.25275636,-0.66724366,-1.9972436,-3.4372437,-2.4872437,-0.98724365,-0.48724365,-0.22724365,-0.5272437,0.26275635,1.2627563,1.4127563,1.7327564,2.2527564,1.5627563,0.87275636,0.89275634,1.6527563,1.4827564,0.29275635,-0.54724365,1.3227563,0.94275635,-0.5172436,-0.5172436,-0.45724365,0.6727564,-1.8672436,-0.53724366,0.51275635,0.95275635,-1.3072437,-0.87724364,-0.06724365,-1.8572437,-2.0672436,-2.0272436,-1.3172437,0.24275635,-0.087243654,-1.4272437
2.0227563,1.0327563,1.9927564,2.5527563,0.68275636,-1.4872437,0.0027563476,-2.6872437,-2.6972437,-1.4472437,-1.0172436,-0.84724367,0.16275635,0.9127563,1.0427563,1.7627563,1.3227563,1.0027564,0.19275635,0.81275636,0.87275636,0.15275635,0.93275636,0.022756347,0.16275635,0.49275634,0.6627563,-0.79724365,-0.7172437,-0.14724365,0.7227563,-1.1272436,-0.54724365,0.5327563,0.7327564,1.3027563,0.7327564,-1.2072437,-1.7372437,-2.3172436,-1.3172437,-0.25724366,-0.46724364,-1.0472436,-0.5772436
3.1127563,2.7727563,2.7827563,1.9927564,0.71275634,0.35275635,1.6827563,-2.9472437,-2.5572436,-2.2472436,-1.4672437,-0.36724365,-0.38724366,-0.50724363,0.34275636,-0.077243656,0.17275634,-0.45724365,0.26275635,0.49275634,0.36275634,-0.10724365,-0.17724365,-0.22724365,-0.44724366,-0.32724366,-0.48724365,-0.7672436,0.18275635,-0.78724366,-0.22724365,-0.90724367,0.55275637,0.55275637,0.75275636,1.0427563,-1.6372436,-1.8772436,-2.2672436,-1.9072436,-0.59724367,-0.16724366,-0.50724363,-0.0072436524,0.9827564
5.922756,5.8927565,5.6827564,3.8427563,3.8327563,4.0427566,2.1627564,-0.99724364,-3.1472437,-2.6272438,-1.1772437,-1.3772436,-2.2472436,-1.3272437,-0.9572437,-0.55724365,-0.7072437,-0.34724367,0.5427563,-0.32724366,0.8527563,-0.19724365,-0.59724367,-0.79724365,-1.7372437,-2.1172438,-0.61724365,-0.48724365,-0.55724365,0.41275635,1.2227564,0.94275635,0.28275636,-1.0272436,-0.7672436,-1.3772436,-0.92724365,-1.0572437,-0.91724366,-0.38724366,-0.04724365,-0.13724366,-0.14724365,0.57275635,1.3327564
5.8627563,6.132756,6.3227563,5.6827564,4.652756,4.7727566,2.3927565,-1.6972437,-1.9772437,-1.5372436,-2.4672437,-2.8472435,-1.3672436,-0.65724367,-0.37724364,-0.8872436,-2.1372437,-0.24724366,-0.06724365,-0.60724366,0.29275635,0.10275635,-0.16724366,-0.41724366,-1.0272436,-1.2472436,-0.027243651,-1.3472437,-0.30724365,-0.21724366,0.32275635,0.0027563476,-0.14724365,0.70275635,0.21275635,0.51275635,0.11275635,1.3427564,0.052756347,-1.7272437,-0.67724365,-0.26724365,0.092756346,0.59275633,0.70275635
6.7427564,6.1027565,5.3227563,5.442756,4.712756,5.232756,4.212756,0.50275636,-2.2872436,-3.2072437,-3.8472435,-3.2872436,-2.2172437,-2.3972437,-0.91724366,-0.45724365,-1.7372437,-0.7672436,0.40275633,0.37275636,-0.18724366,0.5327563,0.48275635,0.59275633,0.58275634,-0.04724365,0.7327564,0.41275635,-0.56724364,-0.057243653,-0.8272436,-0.32724366,0.7827563,1.4527564,0.6027563,0.43275633,-0.117243655,-1.0072436,-2.0372436,-0.40724364,-0.48724365,0.04275635,0.32275635,0.64275634,0.95275635
6.4127564,6.3027563,4.8927565,4.502756,4.4927564,4.6027565,4.692756,-0.39724365,-3.4772437,-2.1572437,-2.3172436,-3.0972435,-2.9272437,-1.5572437,-1.3372437,-0.91724366,-0.54724365,0.7327564,0.99275637,0.45275635,-0.47724366,-0.19724365,-0.16724366,0.55275637,0.50275636,0.89275634,0.74275637,-1.9272437,-1.1372436,0.45275635,-1.3172437,-0.26724365,0.33275634,0.43275633,0.6627563,-0.90724367,-1.7072437,-0.47724366,-0.7772437,-1.4072436,0.032756347,0.36275634,-0.56724364,0.32275635,0.94275635
6.8527565,5.4927564,4.632756,3.9927564,4.0127563,3.5127563,2.5727563,-0.56724364,-3.1472437,-2.9672437,-3.8572435,-3.5472436,-3.7772436,-3.2772436,-0.93724364,-1.0272436,-0.077243656,1.1627563,0.49275634,-1.8472437,0.10275635,0.0027563476,-0.17724365,-0.06724365,-0.7072437,1.3127563,-1.2972436,-1.2372437,0.18275635,-0.8872436,-1.1072437,0.57275635,0.0027563476,0.70275635,1.6727563,0.6727564,-0.68724364,-0.0072436524,-0.75724363,0.70275635,-1.0572437,-2.5072436,-0.8372437,-0.39724365,-0.10724365
