public/data/wind.f008.json
{"header": {"discipline":0,"disciplineName":"Meteorological products","gribEdition":2,"gribLength":2407,"center":7,"centerName":"US National Weather Service - NCEP(WMC)","subcenter":0,"refTime":"2020-02-29T00:00:00.000Z","significanceOfRT":1,"significanceOfRTName":"Start of forecast","productStatus":0,"productStatusName":"Operational products","productType":1,"productTypeName":"Forecast products","productDefinitionTemplate":0,"productDefinitionTemplateName":"Analysis/forecast at horizontal level/layer at a point in time","parameterCategory":2,"parameterCategoryName":"Momentum","parameterNumber":3,"parameterNumberName":"V-component_of_wind","parameterUnit":"m.s-1","genProcessType":2,"genProcessTypeName":"Forecast","forecastTime":8,"surface1Type":103,"surface1TypeName":"Specified height level above ground","surface1Value":10.0,"surface2Type":255,"surface2TypeName":"Missing","surface2Value":0.0,"gridDefinitionTemplate":0,"gridDefinitionTemplateName":"Latitude_Longitude","numberPoints":1620,"shape":6,"shapeName":"Earth spherical with radius of 6,371,229.0 m","gridUnits":"degrees","resolution":48,"winds":"true","scanMode":64,"nx":45,"ny":36,"basicAngle":0,"lo1":102.0,"la1":25.75,"lo2":113.0,"la2":34.5,"dx":0.25,"dy":0.25}, "data":
[rows 0 to 32 of 36, columns 0 to 44 of 45]
0.2720996,0.3220996,0.7420996,1.3520997,1.0920997,0.8220996,1.3320996,1.3220996,1.3320996,0.9020996,0.9820996,0.9220996,1.3420997,1.5820996,0.8620996,1.1420996,3.8120997,2.6920996,3.0920997,3.2420995,3.0320997,3.7020996,3.9120996,3.3420997,2.9220996,2.1320996,2.1420996,1.9320996,1.2820996,1.0220996,0.9020996,0.81209964,1.0320996,0.7420996,1.3520997,2.5720997,-1.0979004,-2.6179004,-1.5779004,0.08209961,2.1520996,0.81209964,-1.0579004,-2.5979004,-3.3879004
1.6220996,0.3220996,0.33209962,0.18209961,0.8620996,1.3120996,1.6820996,2.9020996,2.4120996,2.0520997,1.8620996,2.0020995,-0.2879004,-2.1579003,-1.5979004,0.3420996,1.7320997,2.3720996,3.1520996,3.0620997,2.1520996,2.2420995,2.8520997,2.5220995,2.5020995,1.7320997,1.9420996,2.5920997,2.1320996,1.4820997,1.3820996,1.6220996,2.1120996,2.3020997,1.4620996,1.7620996,-0.8179004,-1.8679004,-2.2279005,-1.8579004,-0.117900394,-1.1279004,-2.7779005,-3.9679003,-3.5679004
2.2420995,1.7520996,0.0020996095,-1.0279003,-1.7279004,-0.5979004,-0.1379004,-1.4279004,-1.3979003,-1.7679003,-1.6279004,-0.2579004,-0.6479004,-1.4279004,-0.8379004,-1.7679003,-2.1679003,-0.037900392,0.8520996,2.0220995,1.7320997,2.1720996,2.0120995,2.4620996,1.9320996,1.6620996,2.1020997,2.1020997,0.48209962,-0.8279004,-0.7879004,1.3320996,2.6620996,1.9220996,1.4220996,-0.09790039,0.08209961,-0.1579004,-2.5779004,-2.9579003,-2.3179004,-2.4279003,-3.0379004,-3.5979004,-2.7779005
-0.44790038,1.7820996,2.0920997,1.7020996,0.11209961,0.4620996,-0.17790039,-0.9479004,-1.2479004,-1.2579004,-1.8879004,-0.09790039,-0.55790037,-1.1979004,-1.3379004,-2.3479004,-2.7779005,-2.6779003,-2.1579003,-0.3479004,0.6720996,1.4220996,0.7420996,-0.74790037,-0.22790039,-0.5079004,-0.5079004,-0.05790039,-1.5079004,-2.0679004,-1.9879004,-1.4679004,-1.5079004,-0.9779004,0.2920996,-1.8279004,-1.3279004,0.6020996,-1.7979004,-3.2879004,-2.1479003,-3.4479003,-3.1079004,-4.2679005,-3.1179004
1.4420996,0.48209962,1.8120996,2.7420995,1.3520997,-0.09790039,-0.5479004,-0.9479004,-1.1179004,-2.6279004,-2.4679003,-1.7179004,-3.2479005,-2.5179005,-2.1279004,-2.0579004,-2.1179004,-2.4479003,-2.4679003,-1.8379004,-1.0779004,-0.8579004,-0.5379004,-1.2779003,-1.8579004,-1.7879004,-1.8479004,-1.3979003,-1.2379004,-1.4279004,-1.9779004,-2.0379004,-1.4279004,0.39209962,-0.5379004,-1.0079004,-2.2379005,-2.1079004,-2.0979004,-3.2479005,-2.2379005,-3.4979005,-3.6779003,-4.4279003,-3.1179004
2.2920997,0.3720996,0.1720996,-0.8679004,0.5420996,-0.32790038,-0.41790038,-1.5479004,-2.3379004,-2.6479003,-2.7979004,-2.5979004,-1.5979004,-1.3279004,-0.55790037,0.12209961,-1.0679004,-1.6779004,-2.3779004,-2.4879005,-2.3479004,-2.4179003,-1.9679004,-0.9479004,-0.55790037,-0.7579004,-1.2079004,-1.6479003,-1.6179004,-1.4679004,-1.6679004,-1.7179004,-1.9779004,-0.9579004,-0.5879004,-2.1279004,-2.2579005,-2.3779004,-2.5379004,-2.1179004,-1.6479003,-2.6579003,-3.1779003,-4.0279,-3.8779004
2.6820996,1.5620996,0.9220996,1.8920996,2.6020997,0.18209961,1.4720997,1.5320996,-1.8279004,-3.1679003,-2.6379004,-3.6579003,-2.4979005,-2.7179003,-3.1579003,-2.5779004,-2.7179003,-3.3879004,-2.3579004,-2.1179004,-1.7879004,-1.2179004,-1.3179004,-1.1879004,-0.9579004,-0.8979004,-0.12790039,-1.3779004,-1.7779003,-1.5479004,-1.6079004,-1.8579004,-1.6579003,-1.4279004,-0.5379004,0.022099609,-0.8379004,-0.6379004,-0.5779004,-1.5279003,-2.3079004,-1.7679003,-2.8779004,-3.6079004,-4.5879
2.5520997,2.6920996,2.2320995,2.2120996,2.5620997,0.9320996,-0.6379004,-0.8979004,-2.8679004,-2.5679004,-2.4679003,-2.5279005,-2.1979003,-2.4079003,-2.6879003,-2.4579003,-2.6879003,-2.9879005,-1.7279004,-1.0279003,-1.4879004,-1.2379004,-1.1879004,-1.2879004,-1.6079004,-1.4579004,-0.2479004,-0.8179004,-1.5479004,-1.3479004,-1.6979004,-2.0679004,-1.9379004,-1.8279004,-2.1079004,-0.5479004,-1.0979004,-1.8479004,-1.4279004,-1.6179004,-1.9179004,-1.2879004,-1.0579004,-1.9579004,-2.8079004
1.5520996,2.2420995,1.9320996,1.7620996,3.0320997,2.7320995,-1.8079004,-1.4079003,-2.6179004,-1.8679004,-2.0779004,-2.4279003,-2.2879004,-2.1379004,-1.9679004,-2.2879004,-3.5179005,-2.7579005,-2.8779004,-1.9379004,-1.2579004,-1.5079004,-1.5079004,-1.2379004,-1.6179004,-1.8079004,-0.09790039,1.0320996,0.4920996,-0.16790038,-0.87790036,-1.3879004,-1.9679004,-1.4779004,-1.1779004,-1.1079004,-0.3379004,-0.8579004,0.19209962,0.07209961,-1.1779004,-1.2979004,-1.6479003,-1.8479004,-1.8179004
2.0120995,1.6120996,2.4520996,2.1920996,1.1020997,0.4920996,-1.3479004,-0.16790038,-1.7879004,-1.2479004,-1.2479004,-1.7179004,-1.6979004,-2.0779004,-2.2579005,-1.9579004,-2.5579004,-2.5879004,-1.8079004,-1.7979004,-1.6079004,-1.5379004,-1.1379004,-0.93790036,-1.2879004,-1.6279004,-1.4879004,-0.5379004,-0.8579004,0.4420996,0.26209962,-0.8979004,-0.8579004,-0.6779004,-0.4279004,-0.9779004,-0.8579004,-0.9179004,-1.8479004,-1.0979004,-1.0279003,-1.1279004,-2.5979004,-2.8079004,-2.5279005
1.5020996,3.3020997,2.1320996,1.3020996,1.1820996,1.0220996,-1.5979004,-1.1079004,-0.12790039,-0.7779004,-1.7379004,-1.7179004,-1.2679003,-2.4179003,-1.7979004,-1.7679003,-2.1479003,-2.2179003,-2.1679003,-2.4379003,-2.1979003,-1.2979004,-1.2579004,-1.0879004,-0.8879004,-0.5979004,-1.2379004,-0.99790037,-0.93790036,-1.0879004,0.0020996095,0.8220996,-0.22790039,-0.68790036,-0.6779004,-0.5079004,-1.2279004,-0.9179004,-0.7179004,-0.6479004,-1.0679004,-2.6779003,-2.7479005,-1.9379004,-1.1179004
1.6120996,2.4920995,2.4120996,1.8720996,2.4420996,0.9220996,-1.6079004,-1.3279004,0.022099609,-0.7279004,-1.4379004,-1.3579004,-1.4479004,-2.1479003,-1.8979003,-1.6279004,-1.4479004,-1.0179003,-1.2779003,-1.0779004,-1.2279004,-1.6479003,-1.8079004,-1.3079004,-1.0979004,-0.74790037,-0.02790039,0.022099609,-0.38790038,-0.5379004,-0.5279004,-0.1879004,0.022099609,-0.29790038,-0.8679004,-0.8879004,-0.7179004,-0.32790038,-0.2779004,-0.20790039,-0.7779004,-1.6979004,-1.2379004,-1.4179004,-1.5579004
2.6820996,2.6420996,2.6220996,0.69209963,-0.38790038,-0.08790039,-1.3279004,-0.8979004,-0.55790037,0.04209961,-0.2879004,-0.7279004,-0.8579004,-1.2779003,-1.4479004,-1.4279004,-1.6379004,-0.9579004,-0.5979004,-0.9579004,-0.32790038,-0.3779004,-0.9279004,-1.5479004,-0.87790036,-0.6379004,0.33209962,0.5420996,0.26209962,0.36209962,0.15209961,-0.05790039,-0.1579004,-0.7379004,-0.6679004,-0.7779004,-0.2779004,-0.16790038,-0.037900392,-0.44790038,-0.3379004,0.01209961,0.03209961,-1.8379004,-2.8279004
-0.3379004,0.19209962,0.1720996,-0.7179004,-1.6479003,0.5320996,-0.5179004,-0.55790037,0.18209961,0.5920996,0.2520996,-0.10790039,-0.4979004,-0.5079004,-0.41790038,-0.9079004,-1.0179003,-0.5879004,-0.32790038,-0.4079004,-0.17790039,-1.1979004,-0.5679004,0.15209961,-0.62790036,-0.3979004,-0.2779004,-0.5079004,0.4420996,0.81209964,0.48209962,0.26209962,-0.1579004,-0.2179004,0.3420996,0.36209962,0.5520996,1.0320996,1.7220997,1.7220997,2.0420997,1.5620996,-0.1379004,-1.2279004,-1.1879004
-0.3179004,-0.7079004,-1.3279004,-0.06790039,-0.117900394,-1.1979004,0.06209961,0.8620996,0.5920996,0.48209962,0.7320996,0.6620996,0.2020996,-0.2579004,-0.19790038,-0.07790039,-0.4079004,-0.2479004,-0.19790038,-0.2179004,-0.35790038,-0.8279004,-1.3279004,-0.7279004,0.4920996,1.3620996,0.69209963,0.4420996,0.9920996,1.4620996,1.0620996,1.2520996,1.3920996,1.6120996,0.87209964,0.9020996,1.1420996,2.2020996,2.4920995,2.6820996,2.9520996,2.3420997,1.8720996,2.6620996,2.7720995
0.8620996,1.5820996,0.16209961,-0.7879004,-0.8579004,-0.32790038,0.36209962,1.3820996,1.4920996,1.5520996,1.6720996,1.2520996,0.4720996,-0.2779004,-0.29790038,-0.14790039,0.03209961,0.4920996,1.0020996,1.8920996,-0.22790039,-1.1079004,-0.8379004,0.5520996,1.5820996,1.8320996,1.0420996,0.7020996,0.39209962,1.8220996,1.8520997,1.5920997,1.5120996,1.5820996,0.87209964,0.4720996,0.7220996,0.6720996,0.1720996,-0.4079004,-0.74790037,-1.1379004,-1.4079003,-1.2779003,-1.0479004
0.5720996,0.50209963,-1.4679004,-2.1079004,-1.1579003,-0.48790038,1.2020996,0.8020996,0.2820996,0.9520996,1.1420996,1.2320997,0.7620996,-0.037900392,-0.2879004,-0.04790039,0.9120996,1.1920996,1.6120996,1.1820996,-1.3279004,-1.1579003,-1.2579004,-1.7579004,-1.8979003,0.2520996,1.9120996,0.9920996,0.7620996,1.6420996,1.4320996,1.4020996,1.6720996,1.4020996,0.8020996,0.2920996,0.9320996,0.7020996,0.50209963,-0.1879004,-0.7079004,-1.0779004,-1.5679004,-1.7879004,-1.9579004
0.8620996,1.3020996,0.08209961,-0.4679004,-0.2579004,0.7820996,0.5820996,0.24209961,0.13209961,0.03209961,0.45209962,1.3920996,0.5520996,-0.05790039,0.3520996,0.6720996,0.3120996,0.022099609,-0.8179004,-1.3279004,-1.5179003,-1.7479004,-1.1579003,-0.8879004,-1.3179004,-1.0279003,1.3820996,1.6820996,1.6020997,0.8420996,-0.23790039,0.12209961,1.2620996,1.3920996,0.19209962,0.7020996,0.2220996,-0.007900391,0.4620996,0.10209961,-0.2879004,-0.87790036,-1.2879004,-1.7179004,-2.0379004
-0.07790039,2.6520996,2.0420997,1.1920996,0.7220996,0.4320996,0.6120996,0.87209964,0.8520996,0.1420996,0.15209961,0.5420996,1.3420997,2.6020997,1.3720996,-0.1579004,-0.7779004,-0.80790037,-1.2979004,-1.0379004,-1.2879004,-1.8079004,-1.6379004,-1.2279004,-0.8579004,-0.9879004,-1.9279004,-1.3079004,-0.01790039,0.5720996,0.0020996095,-0.9579004,-1.7979004,-1.8079004,-0.6179004,-0.6179004,-1.0979004,-1.4979004,-0.2879004,0.3420996,-0.1379004,-0.6679004,-1.0479004,-1.4679004,-1.8579004
0.4020996,0.3220996,0.04209961,2.4420996,1.3120996,0.9120996,1.8920996,1.7320997,1.7020996,1.4020996,1.0920997,0.2720996,-0.12790039,-0.3779004,0.0020996095,-0.1579004,0.2020996,0.2220996,-0.7979004,-1.9279004,-1.8479004,-2.1479003,-1.9779004,-1.4179004,0.01209961,-0.62790036,-1.6879004,-1.7679003,-1.6979004,-0.12790039,1.0120996,-0.1579004,-0.93790036,-1.1679004,-1.1479003,0.0020996095,-0.4979004,-0.3079004,-0.06790039,0.022099609,-0.3379004,-0.7779004,-1.0879004,-1.3479004,-1.5579004
0.4020996,0.5120996,1.4020996,3.6920996,2.9220996,0.50209963,1.9520996,2.5020995,1.4020996,2.2320995,1.4620996,1.1320996,1.3820996,0.7120996,-0.17790039,-0.38790038,-1.4579004,-1.8679004,-1.4979004,-1.7079004,-2.0479004,-2.1079004,-2.1879003,-2.0879004,-1.2779003,-0.7279004,-1.2979004,-1.1779004,-1.0379004,-1.7279004,-1.6379004,-1.2079004,-0.8979004,-0.5479004,0.5220996,0.08209961,0.5720996,0.26209962,0.6020996,0.3720996,0.16209961,-0.3479004,-0.4579004,-1.1679004,-1.0879004
0.7320996,0.81209964,-0.4779004,-1.0779004,-0.5979004,1.5020996,0.7220996,0.2920996,-0.2179004,0.7720996,2.0120995,2.1020997,1.4720997,0.6520996,-0.2479004,-0.8479004,-1.1679004,-1.4779004,-1.4179004,-0.8479004,-1.2879004,-0.9579004,-0.8979004,-1.2279004,-0.3779004,-0.3079004,-0.4279004,0.6720996,0.8820996,0.12209961,-0.35790038,-0.9179004,0.1420996,1.3420997,-0.2179004,1.3320996,2.2020996,2.1420996,1.8520997,1.9720997,2.0220995,1.4920996,0.7220996,-0.17790039,-0.07790039
-0.6079004,-0.3479004,0.1720996,1.8920996,0.5120996,1.6320996,2.4620996,1.4120996,0.2220996,-0.5479004,-0.2779004,0.94209963,1.0220996,0.7120996,-0.2479004,-0.7079004,-1.0179003,-0.7379004,-0.7979004,-0.6679004,-0.4679004,-0.3379004,-0.04790039,-0.4579004,0.2220996,0.4320996,0.4620996,0.9720996,1.1020997,0.9820996,0.75209963,0.022099609,1.0020996,1.3920996,1.4520996,1.4220996,1.6420996,1.4120996,1.4220996,2.6120996,1.9820997,1.4520996,1.6820996,1.4620996,0.6020996
1.6920996,0.3120996,-0.2879004,1.7620996,2.1520996,1.8120996,4.0820994,2.2820997,0.81209964,-0.6579004,-0.05790039,0.8420996,1.4220996,1.3520997,1.3820996,1.3820996,0.8420996,0.56209964,0.6720996,-0.4579004,-1.2179004,-0.93790036,-0.16790038,0.9820996,-0.1579004,-0.2179004,1.1820996,1.3120996,0.42209962,1.1920996,1.0920997,0.6320996,0.33209962,-0.9579004,-0.09790039,0.5120996,-0.6379004,1.7320997,1.8420997,1.5720996,1.2220997,1.2420996,1.4520996,1.1520996,-0.5779004
1.6820996,2.1920996,1.8820996,0.2520996,0.62209964,1.6520996,1.5820996,-0.5179004,0.6420996,0.7120996,0.7320996,0.5920996,0.3420996,0.5820996,0.9520996,1.5220996,1.7920996,1.1520996,0.9520996,0.9720996,0.09209961,-0.38790038,-0.2179004,0.4720996,-0.3979004,-0.05790039,-0.4079004,-0.55790037,-0.9479004,-0.26790038,-1.0079004,-1.3979003,-0.7679004,-2.1579003,-0.20790039,-1.7579004,-1.8679004,-1.4179004,-0.3179004,1.0420996,1.5020996,1.7820996,2.1920996,0.6020996,-0.55790037
1.2120996,1.1220996,0.42209962,-1.0979004,-0.5779004,-0.99790037,0.7920996,1.3520997,0.7020996,1.2620996,0.7620996,0.3720996,0.6420996,0.8220996,-0.5179004,-0.68790036,0.07209961,0.6120996,-0.5279004,-0.02790039,1.4220996,0.8520996,0.2520996,-0.037900392,0.11209961,-0.5379004,-0.7779004,-0.74790037,-0.17790039,-0.4979004,-0.5479004,-1.2179004,-1.3279004,-1.5379004,-1.5079004,-1.3479004,-0.2879004,-1.3279004,-0.9879004,1.7620996,1.7120996,2.2720995,1.7120996,0.9720996,1.3120996
0.9520996,2.0620997,2.0520997,0.7320996,0.18209961,1.5420996,0.8520996,1.3520997,1.6120996,0.9320996,0.7020996,1.4820997,0.81209964,0.2820996,0.2820996,-2.1179004,-0.4979004,0.3420996,0.7020996,0.5220996,0.7120996,0.9820996,0.4120996,0.42209962,0.2220996,-1.1479003,-1.3579004,-1.3979003,-1.4379004,-1.3479004,-1.2079004,0.36209962,1.0920997,0.87209964,-0.1879004,-0.8279004,-1.8579004,-0.5379004,-0.1579004,1.5420996,2.0820997,1.8320996,1.5020996,1.6520996,1.6420996
0.4720996,0.4620996,1.8420997,2.4720995,2.2120996,1.7020996,2.0620997,1.9420996,0.7220996,1.4420996,2.0120995,1.0020996,-0.1879004,-0.4579004,-1.7779003,-2.5779004,-2.1979003,-0.9579004,0.4620996,1.0020996,1.3720996,1.7120996,1.7720996,1.7420996,-0.20790039,-0.68790036,-0.87790036,-0.9779004,-1.3379004,-1.2579004,-1.0779004,-0.5379004,-0.2479004,-0.22790039,-0.9179004,-1.9379004,-1.0179003,0.33209962,1.7620996,1.9320996,1.4220996,1.3520997,1.6020997,1.4920996,0.4720996
1.4120996,0.4420996,0.15209961,1.3020996,2.1720996,1.8820996,1.4620996,0.1420996,2.3820996,2.2120996,0.08209961,0.1420996,0.8920996,1.2020996,0.87209964,-0.8679004,-1.9479004,-1.7879004,-1.5479004,-1.3779004,-1.9179004,-2.0779004,-2.4979005,-2.0379004,-1.3679004,0.2720996,-0.05790039,0.3420996,1.4520996,1.0120996,0.45209962,-1.2679003,-1.8579004,-1.4079003,-0.5479004,-0.6179004,-0.5179004,0.5120996,1.2520996,0.8020996,0.9020996,1.0420996,1.2220997,1.1520996,0.7220996
0.7620996,1.4820997,1.1520996,0.7220996,1.8320996,2.5120995,1.8920996,2.4920995,0.16209961,-0.02790039,1.3720996,1.2420996,0.2820996,-1.5979004,-1.4179004,-2.0979004,-1.8179004,-0.4579004,-0.3379004,-0.80790037,-0.68790036,-0.8379004,-0.8979004,-0.5479004,-0.87790036,-0.87790036,0.42209962,1.5820996,1.4220996,1.6720996,1.7920996,2.0420997,1.7520996,1.5120996,2.1020997,2.3120997,2.5820997,1.3020996,1.2920996,1.9320996,2.1820996,2.1620996,2.1720996,2.0520997,1.9220996
-1.1279004,-0.4979004,1.3020996,1.3620996,1.6320996,2.8520997,2.0520997,0.75209963,0.62209964,2.6520996,1.7420996,-0.3679004,-2.3379004,-4.1979003,-4.0179005,-3.2779005,-2.4679003,-0.55790037,0.9520996,2.3120997,1.6720996,1.7020996,1.0620996,0.56209964,0.7120996,0.8420996,1.4120996,0.24209961,0.26209962,0.1720996,-0.2879004,0.48209962,0.42209962,-0.2579004,-0.6679004,-0.5079004,1.9420996,2.3020997,2.6120996,2.1220996,1.8920996,2.2720995,2.2020996,2.0820997,1.9920996
-0.9879004,-0.8879004,0.9920996,2.1520996,2.6120996,2.5120995,2.0520997,1.9620996,1.5020996,0.07209961,-0.4779004,-0.07790039,-1.6979004,-4.9079003,-4.4279003,-2.9579003,-2.2679005,-0.99790037,-0.6079004,-1.5879004,-1.8979003,2.0320997,2.2320995,1.8320996,0.4920996,0.4720996,-1.1979004,-0.9679004,1.2320997,0.2020996,-0.7379004,-0.6579004,-4.3179,-2.7279005,-1.1179004,1.2720996,2.0520997,2.0020995,2.1920996,2.1720996,1.6220996,1.2020996,1.9720997,2.1520996,1.6120996
-1.3379004,-1.2779003,-0.8179004,1.3620996,2.2920997,2.1120996,0.04209961,-2.4179003,-0.9279004,0.4720996,-1.1179004,-0.9279004,-2.5979004,-5.1479006,-4.9379005,-3.3779004,-3.1279004,-2.4379003,-2.4279003,-3.0679004,-3.4379003,-1.8279004,-0.04790039,-0.48790038,-2.6479003,-2.9079003,-3.0479004,-2.5379004,-2.3679004,-2.7679005,-2.4879005,-3.1379004,-3.5279005,-1.7379004,-1.6579003,-1.3079004,-2.0879004,-1.6379004,-1.5279003,-1.6879004,-0.8579004,0.30209962,0.7420996,0.87209964,0.62209964
